[[136 127 130 465 730 475 291 437 992 0 0 0 0 0 0 0 0 0]
[669 846 725 464 976 488 59 1013 358 0 0 0 0 0 0 0 0 0]
[39 575 780 283 208 6 122 620 640 0 0 0 0 0 0 0 0 0]
[301 735 898 120 876 284 882 746 785 0 0 0 0 0 0 0 0 0]
[567 134 961 364 690 506 973 684 477 0 0 0 0 0 0 0 0 0]
[134 228 350 68 51 330 589 406 520 0 0 0 0 0 0 0 0 0]
[429 723 356 465 818 133 421 771 87 0 0 0 0 0 0 0 0 0]
[166 578 110 165 808 871 109 714 910 0 0 0 0 0 0 0 0 0]
[429 376 915 556 35 246 677 119 578 0 0 0 0 0 0 0 0 0]
[8 961 437 478 861 482 591 17 715 0 0 0 0 0 0 0 0 0]
[136 127 179 465 730 475 291 430 992 0 0 0 0 0 0 0 0 0]
[811 860 494 668 157 722 718 218 895 0 0 0 0 0 0 0 0 0]
[441 551 468 642 54 795 404 740 950 0 0 0 0 0 0 0 0 0]
[535 689 337 145 370 723 669 17 791 0 0 0 0 0 0 0 0 0]
[232 523 918 549 214 396 733 791 972 0 0 0 0 0 0 0 0 0]
[203 870 101 488 997 702 477 745 481 0 0 0 0 0 0 0 0 0]
[179 139 211 877 517 645 843 187 292 0 0 0 0 0 0 0 0 0]
[620 341 684 753 235 480 324 343 96 0 0 0 0 0 0 0 0 0]
[8 961 437 478 861 482 591 17 708 0 0 0 0 0 0 0 0 1]
[136 127 179 465 730 475 291 423 992 0 0 0 0 0 0 0 1 0]
[354 865 527 930 274 543 907 186 236 0 0 0 0 0 0 1 0 0]
[0 0 7 0 0 0 0 1018 0 0 0 0 0 0 1 0 0 0]
[457 2 986 757 902 179 822 32 659 0 0 0 0 1 0 0 0 0]
[203 870 101 488 997 695 477 745 481 0 0 0 1 0 0 0 0 0]
[179 139 211 877 510 645 843 187 292 0 0 1 0 0 0 0 0 0]
[163 346 717 1008 352 301 520 311 456 0 1 0 0 0 0 0 0 0]
[464 1014 986 756 902 179 823 32 659 1 0 0 0 0 0 0 0 0]]
0
150-136-115-152
