[[537 979 916 0 0 0 0 0 0 0 0 0 0 0 0 0 0 0]
[306 704 499 0 0 0 0 0 0 0 0 0 0 0 0 0 0 0]
[22 518 322 0 0 0 0 0 0 0 0 0 0 0 0 0 0 0]
[226 314 755 0 0 0 0 0 0 0 0 0 0 0 0 0 0 0]
[570 610 728 0 0 0 0 0 0 0 0 0 0 0 0 0 0 0]
[241 898 746 0 0 0 0 0 0 0 0 0 0 0 0 0 0 0]
[939 463 1014 0 0 0 0 0 0 0 0 0 0 0 0 0 0 0]
[381 9 412 0 0 0 0 0 0 0 0 0 0 0 0 0 0 0]
[648 135 714 0 0 0 0 0 0 0 0 0 0 0 0 0 0 0]
[973 438 715 0 0 0 0 0 0 0 0 0 0 0 0 0 0 0]
[253 142 45 0 0 0 0 0 0 0 0 0 0 0 0 0 0 0]
[782 590 489 0 0 0 0 0 0 0 0 0 0 0 0 0 0 0]
[88 103 737 0 0 0 0 0 0 0 0 0 0 0 0 0 0 0]
[955 852 71 0 0 0 0 0 0 0 0 0 0 0 0 0 0 0]
[200 931 791 0 0 0 0 0 0 0 0 0 0 0 0 0 0 0]
[781 442 564 0 0 0 0 0 0 0 0 0 0 0 0 0 0 0]
[606 900 816 0 0 0 0 0 0 0 0 0 0 0 0 0 0 0]
[686 236 871 0 0 0 0 0 0 0 0 0 0 0 0 0 0 0]
[821 26 233 0 0 0 0 0 0 0 0 0 0 0 0 0 0 1]
[988 324 144 0 0 0 0 0 0 0 0 0 0 0 0 0 1 0]
[239 427 479 0 0 0 0 0 0 0 0 0 0 0 0 1 0 0]
[105 26 749 0 0 0 0 0 0 0 0 0 0 0 1 0 0 0]
[68 566 872 0 0 0 0 0 0 0 0 0 0 1 0 0 0 0]
[155 523 496 0 0 0 0 0 0 0 0 0 1 0 0 0 0 0]
[832 368 339 0 0 0 0 0 0 0 0 1 0 0 0 0 0 0]
[675 337 9 0 0 0 0 0 0 0 1 0 0 0 0 0 0 0]
[151 160 168 0 0 0 0 0 0 1 0 0 0 0 0 0 0 0]
[415 669 659 0 0 0 0 0 1 0 0 0 0 0 0 0 0 0]
[105 26 742 0 0 0 0 1 0 0 0 0 0 0 0 0 0 0]
[68 559 872 0 0 0 1 0 0 0 0 0 0 0 0 0 0 0]
[784 885 427 0 0 1 0 0 0 0 0 0 0 0 0 0 0 0]
[469 943 223 0 1 0 0 0 0 0 0 0 0 0 0 0 0 0]
[144 160 168 1 0 0 0 0 0 0 0 0 0 0 0 0 0 0]]
10
150-136-115-152
