[[715 165 269 826 884 279 347 0 0 0 0 0 0 0 0 0 0 0]
[873 832 316 826 739 975 567 0 0 0 0 0 0 0 0 0 0 0]
[383 662 712 712 963 837 182 0 0 0 0 0 0 0 0 0 0 0]
[578 673 322 501 471 66 275 0 0 0 0 0 0 0 0 0 0 0]
[981 236 644 221 848 446 876 0 0 0 0 0 0 0 0 0 0 0]
[154 100 574 696 446 884 397 0 0 0 0 0 0 0 0 0 0 0]
[56 171 114 298 301 129 380 0 0 0 0 0 0 0 0 0 0 0]
[217 938 666 612 45 405 254 0 0 0 0 0 0 0 0 0 0 0]
[625 545 805 758 117 462 947 0 0 0 0 0 0 0 0 0 0 0]
[164 696 147 712 12 506 874 0 0 0 0 0 0 0 0 0 0 0]
[652 612 795 968 797 707 575 0 0 0 0 0 0 0 0 0 0 0]
[873 881 316 826 739 975 560 0 0 0 0 0 0 0 0 0 0 0]
[122 66 338 978 89 983 923 0 0 0 0 0 0 0 0 0 0 0]
[578 138 223 811 341 148 350 0 0 0 0 0 0 0 0 0 0 0]
[604 994 165 334 648 623 372 0 0 0 0 0 0 0 0 0 0 0]
[545 206 820 38 603 319 397 0 0 0 0 0 0 0 0 0 0 0]
[0 797 277 481 134 594 593 0 0 0 0 0 0 0 0 0 0 0]
[674 545 805 751 117 462 947 0 0 0 0 0 0 0 0 0 0 0]
[902 936 196 771 606 245 659 0 0 0 0 0 0 0 0 0 0 1]
[589 40 253 91 710 116 803 0 0 0 0 0 0 0 0 0 1 0]
[873 881 316 826 739 975 553 0 0 0 0 0 0 0 0 1 0 0]
[1010 355 803 457 861 789 906 0 0 0 0 0 0 0 1 0 0 0]
[0 7 0 0 0 0 1018 0 0 0 0 0 0 1 0 0 0 0]
[545 206 820 38 603 312 397 0 0 0 0 0 1 0 0 0 0 0]
[0 797 277 481 127 594 593 0 0 0 0 1 0 0 0 0 0 0]
[674 545 805 744 117 462 947 0 0 0 1 0 0 0 0 0 0 0]
[7 0 0 1018 0 0 0 0 0 1 0 0 0 0 0 0 0 0]
[251 471 7 154 376 545 406 0 1 0 0 0 0 0 0 0 0 0]
[1010 355 796 457 861 789 906 1 0 0 0 0 0 0 0 0 0 0]]
11
150-136-115-152
