[[533 486 608 0 0 0 0 0 0 0 0 0 0 0 0 0 0 0]
[71 948 288 0 0 0 0 0 0 0 0 0 0 0 0 0 0 0]
[654 365 304 0 0 0 0 0 0 0 0 0 0 0 0 0 0 0]
[238 781 512 0 0 0 0 0 0 0 0 0 0 0 0 0 0 0]
[579 440 955 0 0 0 0 0 0 0 0 0 0 0 0 0 0 0]
[595 424 310 0 0 0 0 0 0 0 0 0 0 0 0 0 0 0]
[725 294 659 0 0 0 0 0 0 0 0 0 0 0 0 0 0 0]
[638 380 788 0 0 0 0 0 0 0 0 0 0 0 0 0 0 0]
[932 87 866 0 0 0 0 0 0 0 0 0 0 0 0 0 0 0]
[102 917 576 0 0 0 0 0 0 0 0 0 0 0 0 0 0 0]
[38 981 879 0 0 0 0 0 0 0 0 0 0 0 0 0 0 0]
[141 878 1 0 0 0 0 0 0 0 0 0 0 0 0 0 0 0]
[412 607 892 0 0 0 0 0 0 0 0 0 0 0 0 0 0 0]
[698 321 312 0 0 0 0 0 0 0 0 0 0 0 0 0 0 0]
[972 46 408 0 0 0 0 0 0 0 0 0 0 0 0 0 0 0]
[1007 12 214 0 0 0 0 0 0 0 0 0 0 0 0 0 0 0]
[498 521 179 0 0 0 0 0 0 0 0 0 0 0 0 0 0 0]
[757 262 979 0 0 0 0 0 0 0 0 0 0 0 0 0 0 0]
[912 107 284 0 0 0 0 0 0 0 0 0 0 0 0 0 0 1]
[562 457 82 0 0 0 0 0 0 0 0 0 0 0 0 0 1 0]
[690 328 513 0 0 0 0 0 0 0 0 0 0 0 0 1 0 0]
[366 653 621 0 0 0 0 0 0 0 0 0 0 0 1 0 0 0]
[10 1009 978 0 0 0 0 0 0 0 0 0 0 1 0 0 0 0]
[111 908 84 0 0 0 0 0 0 0 0 0 1 0 0 0 0 0]
[648 371 117 0 0 0 0 0 0 0 0 1 0 0 0 0 0 0]
[1012 6 872 0 0 0 0 0 0 0 1 0 0 0 0 0 0 0]
[994 25 744 0 0 0 0 0 0 1 0 0 0 0 0 0 0 0]
[698 321 395 0 0 0 0 0 1 0 0 0 0 0 0 0 0 0]
[366 653 614 0 0 0 0 1 0 0 0 0 0 0 0 0 0 0]
[452 566 441 0 0 0 1 0 0 0 0 0 0 0 0 0 0 0]
[891 128 127 0 0 1 0 0 0 0 0 0 0 0 0 0 0 0]
[167 852 719 0 1 0 0 0 0 0 0 0 0 0 0 0 0 0]
[410 608 207 1 0 0 0 0 0 0 0 0 0 0 0 0 0 0]]
12
150-136-115-152
