[[332 900 700 247 765 0 0 0 0 0 0 0 0 0 0 0 0 0]
[626 760 634 0 673 0 0 0 0 0 0 0 0 0 0 0 0 0]
[191 1002 571 809 546 0 0 0 0 0 0 0 0 0 0 0 0 0]
[429 447 893 258 778 0 0 0 0 0 0 0 0 0 0 0 0 0]
[840 434 459 651 267 0 0 0 0 0 0 0 0 0 0 0 0 0]
[790 760 26 855 791 0 0 0 0 0 0 0 0 0 0 0 0 0]
[282 390 467 518 841 0 0 0 0 0 0 0 0 0 0 0 0 0]
[52 59 429 488 765 0 0 0 0 0 0 0 0 0 0 0 0 0]
[732 945 658 634 39 0 0 0 0 0 0 0 0 0 0 0 0 0]
[433 862 906 857 455 0 0 0 0 0 0 0 0 0 0 0 0 0]
[742 724 456 156 4 0 0 0 0 0 0 0 0 0 0 0 0 0]
[446 572 817 585 665 0 0 0 0 0 0 0 0 0 0 0 0 0]
[895 158 947 297 440 0 0 0 0 0 0 0 0 0 0 0 0 0]
[155 478 533 851 334 0 0 0 0 0 0 0 0 0 0 0 0 0]
[193 935 989 915 540 0 0 0 0 0 0 0 0 0 0 0 0 0]
[4 562 951 18 172 0 0 0 0 0 0 0 0 0 0 0 0 0]
[252 150 822 667 817 0 0 0 0 0 0 0 0 0 0 0 0 0]
[781 945 658 627 39 0 0 0 0 0 0 0 0 0 0 0 0 0]
[649 446 904 825 757 0 0 0 0 0 0 0 0 0 0 0 0 1]
[133 548 163 65 262 0 0 0 0 0 0 0 0 0 0 0 1 0]
[266 335 1000 151 657 0 0 0 0 0 0 0 0 0 0 1 0 0]
[932 266 693 1006 328 0 0 0 0 0 0 0 0 0 1 0 0 0]
[411 701 754 957 290 0 0 0 0 0 0 0 0 1 0 0 0 0]
[974 25 636 218 276 0 0 0 0 0 0 0 1 0 0 0 0 0]
[252 150 822 667 810 0 0 0 0 0 0 1 0 0 0 0 0 0]
[781 945 658 620 39 0 0 0 0 0 1 0 0 0 0 0 0 0]
[7 0 0 1018 0 0 0 0 0 1 0 0 0 0 0 0 0 0]
[322 814 582 141 771 0 0 0 1 0 0 0 0 0 0 0 0 0]
[932 266 686 1006 328 0 0 1 0 0 0 0 0 0 0 0 0 0]
[411 694 754 957 290 0 1 0 0 0 0 0 0 0 0 0 0 0]
[1012 360 974 902 306 1 0 0 0 0 0 0 0 0 0 0 0 0]]
13
150-136-115-152
