[[718 301 0 0 0 0 0 0 0 0 0 0 0 0 0 0 0 0]
[250 769 0 0 0 0 0 0 0 0 0 0 0 0 0 0 0 0]
[246 773 0 0 0 0 0 0 0 0 0 0 0 0 0 0 0 0]
[185 834 0 0 0 0 0 0 0 0 0 0 0 0 0 0 0 0]
[19 1000 0 0 0 0 0 0 0 0 0 0 0 0 0 0 0 0]
[35 984 0 0 0 0 0 0 0 0 0 0 0 0 0 0 0 0]
[279 740 0 0 0 0 0 0 0 0 0 0 0 0 0 0 0 0]
[304 714 0 0 0 0 0 0 0 0 0 0 0 0 0 0 0 0]
[492 527 0 0 0 0 0 0 0 0 0 0 0 0 0 0 0 0]
[370 649 0 0 0 0 0 0 0 0 0 0 0 0 0 0 0 0]
[38 981 0 0 0 0 0 0 0 0 0 0 0 0 0 0 0 0]
[70 949 0 0 0 0 0 0 0 0 0 0 0 0 0 0 0 0]
[558 461 0 0 0 0 0 0 0 0 0 0 0 0 0 0 0 0]
[867 152 0 0 0 0 0 0 0 0 0 0 0 0 0 0 0 0]
[100 918 0 0 0 0 0 0 0 0 0 0 0 0 0 0 0 0]
[76 943 0 0 0 0 0 0 0 0 0 0 0 0 0 0 0 0]
[140 879 0 0 0 0 0 0 0 0 0 0 0 0 0 0 0 0]
[97 922 0 0 0 0 0 0 0 0 0 0 0 0 0 0 0 0]
[715 304 0 0 0 0 0 0 0 0 0 0 0 0 0 0 0 1]
[459 560 0 0 0 0 0 0 0 0 0 0 0 0 0 0 1 0]
[1011 7 0 0 0 0 0 0 0 0 0 0 0 0 0 1 0 0]
[194 825 0 0 0 0 0 0 0 0 0 0 0 0 1 0 0 0]
[411 608 0 0 0 0 0 0 0 0 0 0 0 1 0 0 0 0]
[918 101 0 0 0 0 0 0 0 0 0 0 1 0 0 0 0 0]
[243 776 0 0 0 0 0 0 0 0 0 1 0 0 0 0 0 0]
[774 244 0 0 0 0 0 0 0 0 1 0 0 0 0 0 0 0]
[817 202 0 0 0 0 0 0 0 1 0 0 0 0 0 0 0 0]
[486 533 0 0 0 0 0 0 1 0 0 0 0 0 0 0 0 0]
[788 231 0 0 0 0 0 1 0 0 0 0 0 0 0 0 0 0]
[169 849 0 0 0 0 1 0 0 0 0 0 0 0 0 0 0 0]
[557 462 0 0 0 1 0 0 0 0 0 0 0 0 0 0 0 0]
[597 422 0 0 1 0 0 0 0 0 0 0 0 0 0 0 0 0]
[568 450 0 1 0 0 0 0 0 0 0 0 0 0 0 0 0 0]
[376 643 1 0 0 0 0 0 0 0 0 0 0 0 0 0 0 0]]
14
150-136-115-152
