[[740 772 0 0 0 0 0 0 0 0 0 0 0 0 0 0 0 0]
[391 25 0 0 0 0 0 0 0 0 0 0 0 0 0 0 0 0]
[812 621 0 0 0 0 0 0 0 0 0 0 0 0 0 0 0 0]
[34 565 0 0 0 0 0 0 0 0 0 0 0 0 0 0 0 0]
[451 134 0 0 0 0 0 0 0 0 0 0 0 0 0 0 0 0]
[413 567 0 0 0 0 0 0 0 0 0 0 0 0 0 0 0 0]
[9 819 0 0 0 0 0 0 0 0 0 0 0 0 0 0 0 0]
[588 837 0 0 0 0 0 0 0 0 0 0 0 0 0 0 0 0]
[982 452 0 0 0 0 0 0 0 0 0 0 0 0 0 0 0 0]
[474 480 0 0 0 0 0 0 0 0 0 0 0 0 0 0 0 0]
[471 1014 0 0 0 0 0 0 0 0 0 0 0 0 0 0 0 0]
[26 623 0 0 0 0 0 0 0 0 0 0 0 0 0 0 0 0]
[624 209 0 0 0 0 0 0 0 0 0 0 0 0 0 0 0 0]
[914 688 0 0 0 0 0 0 0 0 0 0 0 0 0 0 0 0]
[590 453 0 0 0 0 0 0 0 0 0 0 0 0 0 0 0 0]
[728 230 0 0 0 0 0 0 0 0 0 0 0 0 0 0 0 0]
[551 680 0 0 0 0 0 0 0 0 0 0 0 0 0 0 0 0]
[671 176 0 0 0 0 0 0 0 0 0 0 0 0 0 0 0 0]
[342 148 0 0 0 0 0 0 0 0 0 0 0 0 0 0 0 1]
[259 465 0 0 0 0 0 0 0 0 0 0 0 0 0 0 1 0]
[680 153 0 0 0 0 0 0 0 0 0 0 0 0 0 1 0 0]
[835 908 0 0 0 0 0 0 0 0 0 0 0 0 1 0 0 0]
[239 231 0 0 0 0 0 0 0 0 0 0 0 1 0 0 0 0]
[701 669 0 0 0 0 0 0 0 0 0 0 1 0 0 0 0 0]
[708 891 0 0 0 0 0 0 0 0 0 1 0 0 0 0 0 0]
[311 919 0 0 0 0 0 0 0 0 1 0 0 0 0 0 0 0]
[829 834 0 0 0 0 0 0 0 1 0 0 0 0 0 0 0 0]
[709 826 0 0 0 0 0 0 1 0 0 0 0 0 0 0 0 0]
[552 795 0 0 0 0 0 1 0 0 0 0 0 0 0 0 0 0]
[239 224 0 0 0 0 1 0 0 0 0 0 0 0 0 0 0 0]
[724 645 0 0 0 1 0 0 0 0 0 0 0 0 0 0 0 0]
[168 758 0 0 1 0 0 0 0 0 0 0 0 0 0 0 0 0]
[822 834 0 1 0 0 0 0 0 0 0 0 0 0 0 0 0 0]
[833 275 1 0 0 0 0 0 0 0 0 0 0 0 0 0 0 0]]
15
150-136-115-152
