[[638 608 503 73 517 465 172 977 100 0 959 759 580 0 0 0 0 0]
[832 819 782 114 213 758 825 840 780 0 838 195 990 0 0 0 0 0]
[541 498 928 35 400 470 342 18 578 0 582 739 696 0 0 0 0 0]
[508 108 539 980 681 467 239 1001 604 0 166 480 165 0 0 0 0 0]
[874 493 650 795 441 455 535 678 785 0 139 1016 697 0 0 0 0 0]
[400 911 935 904 742 929 4 403 243 0 570 619 831 0 0 0 0 0]
[180 355 960 942 146 142 563 759 588 0 922 713 444 0 0 0 0 0]
[869 945 982 804 642 628 311 50 578 0 270 741 822 0 0 0 0 0]
[970 0 0 14 0 0 0 0 0 0 1018 0 0 0 0 0 0 0]
[322 170 540 585 554 590 361 581 380 0 492 168 986 0 0 0 0 0]
[638 608 552 73 517 465 172 970 100 0 959 759 580 0 0 0 0 0]
[832 868 782 114 213 758 818 840 780 0 838 195 990 0 0 0 0 0]
[541 498 928 35 400 470 342 18 578 0 582 739 689 0 0 0 0 0]
[508 108 539 980 681 467 239 1001 604 0 166 473 165 0 0 0 0 0]
[874 493 650 795 441 455 535 678 785 0 132 1016 697 0 0 0 0 0]
[0 0 0 0 0 7 0 0 0 0 0 0 1018 0 0 0 0 0]
[0 0 0 0 7 0 0 0 0 0 0 1018 0 0 0 0 0 0]
[0 0 0 7 0 0 0 0 0 0 1018 0 0 0 0 0 0 0]
[322 170 540 585 554 590 361 581 373 0 492 168 986 0 0 0 0 1]
[638 608 552 73 517 465 172 963 100 0 959 759 580 0 0 0 1 0]
[832 868 782 114 213 758 811 840 780 0 838 195 990 0 0 1 0 0]
[0 0 7 0 0 0 0 1018 0 0 0 0 0 0 1 0 0 0]
[0 7 0 0 0 0 1018 0 0 0 0 0 0 1 0 0 0 0]
[7 0 0 1018 0 0 0 0 0 1 0 0 0 0 0 0 0 0]]
17
150-136-115-152
