[[135 491 525 393 1008 0 0 0 0 0 0 0 0 0 0 0 0 0]
[662 661 923 715 55 0 0 0 0 0 0 0 0 0 0 0 0 0]
[93 765 476 161 36 0 0 0 0 0 0 0 0 0 0 0 0 0]
[460 539 970 20 238 0 0 0 0 0 0 0 0 0 0 0 0 0]
[503 579 601 956 594 0 0 0 0 0 0 0 0 0 0 0 0 0]
[887 601 710 550 715 0 0 0 0 0 0 0 0 0 0 0 0 0]
[666 960 921 412 700 0 0 0 0 0 0 0 0 0 0 0 0 0]
[550 296 166 172 184 0 0 0 0 0 0 0 0 0 0 0 0 0]
[1005 829 407 204 235 0 0 0 0 0 0 0 0 0 0 0 0 0]
[613 15 361 391 115 0 0 0 0 0 0 0 0 0 0 0 0 0]
[713 873 446 452 512 0 0 0 0 0 0 0 0 0 0 0 0 0]
[335 187 152 497 963 0 0 0 0 0 0 0 0 0 0 0 0 0]
[954 620 221 464 806 0 0 0 0 0 0 0 0 0 0 0 0 0]
[402 272 971 345 282 0 0 0 0 0 0 0 0 0 0 0 0 0]
[174 448 446 396 866 0 0 0 0 0 0 0 0 0 0 0 0 0]
[183 778 686 58 42 0 0 0 0 0 0 0 0 0 0 0 0 0]
[574 253 728 192 450 0 0 0 0 0 0 0 0 0 0 0 0 0]
[956 984 764 98 100 0 0 0 0 0 0 0 0 0 0 0 0 0]
[506 725 897 807 726 0 0 0 0 0 0 0 0 0 0 0 0 1]
[272 236 318 511 16 0 0 0 0 0 0 0 0 0 0 0 1 0]
[120 797 1011 101 424 0 0 0 0 0 0 0 0 0 0 1 0 0]
[956 928 571 154 657 0 0 0 0 0 0 0 0 0 1 0 0 0]
[390 369 181 260 712 0 0 0 0 0 0 0 0 1 0 0 0 0]
[123 416 837 480 110 0 0 0 0 0 0 0 1 0 0 0 0 0]
[574 253 728 192 443 0 0 0 0 0 0 1 0 0 0 0 0 0]
[970 234 713 833 556 0 0 0 0 0 1 0 0 0 0 0 0 0]
[1012 750 51 276 563 0 0 0 0 1 0 0 0 0 0 0 0 0]
[567 247 950 205 524 0 0 0 1 0 0 0 0 0 0 0 0 0]
[956 928 564 154 657 0 0 1 0 0 0 0 0 0 0 0 0 0]
[404 631 130 1002 149 0 1 0 0 0 0 0 0 0 0 0 0 0]
[137 385 895 497 592 1 0 0 0 0 0 0 0 0 0 0 0 0]]
18
150-136-115-152
