[[464 86 702 519 758 894 969 424 905 931 0 0 0 0 0 0 0 0]
[122 704 401 620 188 616 592 167 207 457 0 0 0 0 0 0 0 0]
[362 922 852 745 638 473 9 499 958 596 0 0 0 0 0 0 0 0]
[988 263 399 263 488 393 524 782 87 65 0 0 0 0 0 0 0 0]
[304 475 787 137 395 127 103 92 887 346 0 0 0 0 0 0 0 0]
[645 416 352 76 667 615 901 854 872 501 0 0 0 0 0 0 0 0]
[619 821 698 317 672 864 281 375 926 36 0 0 0 0 0 0 0 0]
[511 114 837 190 636 765 203 316 585 814 0 0 0 0 0 0 0 0]
[780 173 737 996 648 356 89 331 529 167 0 0 0 0 0 0 0 0]
[563 177 210 907 212 722 391 796 91 946 0 0 0 0 0 0 0 0]
[464 86 751 519 758 894 969 417 905 931 0 0 0 0 0 0 0 0]
[73 753 401 627 188 616 585 167 207 450 0 0 0 0 0 0 0 0]
[133 742 382 528 971 307 635 753 225 511 0 0 0 0 0 0 0 0]
[606 165 401 335 795 437 932 342 503 492 0 0 0 0 0 0 0 0]
[725 667 851 938 855 581 726 371 514 455 0 0 0 0 0 0 0 0]
[404 411 224 988 921 420 235 473 332 279 0 0 0 0 0 0 0 0]
[91 1005 437 447 342 443 495 665 205 61 0 0 0 0 0 0 0 0]
[780 173 737 996 648 356 89 331 529 160 0 0 0 0 0 0 0 0]
[563 177 210 907 212 722 391 796 84 946 0 0 0 0 0 0 0 1]
[464 86 751 519 758 894 969 410 905 931 0 0 0 0 0 0 1 0]
[80 753 401 626 188 616 578 167 207 451 0 0 0 0 0 1 0 0]
[0 0 7 0 0 0 0 1018 0 0 0 0 0 0 1 0 0 0]
[1012 7 0 1 0 0 1018 0 0 1018 0 0 0 1 0 0 0 0]
[404 411 224 988 921 413 235 473 332 279 0 0 1 0 0 0 0 0]
[91 1005 437 447 335 443 495 665 205 61 0 1 0 0 0 0 0 0]
[787 173 737 988 648 356 89 331 529 161 1 0 0 0 0 0 0 0]]
19
150-136-115-152
