[[0 0 970 0 0 0 0 14 0 0 0 0 0 0 0 0 1018 0]
[42 970 0 1013 0 0 14 0 0 6 0 0 0 0 0 1018 0 0]
[575 0 20 738 0 126 0 627 0 159 725 0 1012 0 0 0 626 0]
[634 660 91 840 43 703 172 386 75 124 510 706 173 0 0 241 600 0]
[678 0 189 750 0 626 0 710 0 440 610 0 220 0 0 0 145 0]
[413 871 227 119 814 799 558 565 824 718 794 853 416 0 0 302 230 0]
[704 0 812 263 0 261 0 966 0 209 52 0 702 0 0 0 524 0]
[297 989 354 782 289 370 344 461 734 108 801 373 599 0 0 862 858 0]
[1012 0 0 8 0 0 0 0 0 6 1018 0 0 0 0 0 0 0]
[58 425 82 168 87 994 752 341 499 999 443 847 50 0 0 192 351 0]
[0 0 0 0 0 0 0 7 0 0 0 0 0 0 0 0 1018 0]
[1012 0 0 1 0 0 7 0 0 1018 0 0 0 0 0 1018 0 0]
[575 0 20 738 0 126 0 627 0 159 725 0 1005 0 0 0 626 0]
[634 660 91 840 43 703 172 386 75 124 510 699 173 0 0 241 600 0]
[685 0 189 749 0 626 0 710 0 441 603 0 220 0 0 0 145 0]
[0 0 0 0 0 7 0 0 0 0 0 0 1018 0 0 0 0 0]
[0 0 0 0 7 0 0 0 0 0 0 1018 0 0 0 0 0 0]
[1012 0 0 8 0 0 0 0 0 1018 1018 0 0 0 0 0 0 0]
[58 425 82 168 87 994 752 341 492 999 443 847 50 0 0 192 351 1]
[0 0 7 0 0 0 0 1018 0 0 0 0 0 0 1 0 0 0]
[1012 7 0 1 0 0 1018 0 0 1018 0 0 0 1 0 0 0 0]]
20
150-136-115-152
