[[620 515 370 896 481 597 633 749 383 455 485 11 692 0 0 927 0 0]
[42 970 0 1013 0 0 14 0 0 6 0 0 0 0 0 1018 0 0]
[694 633 628 292 518 377 133 86 726 649 777 247 895 0 0 528 0 0]
[634 884 702 740 959 234 458 550 731 765 526 379 267 0 0 834 0 0]
[450 731 574 243 566 676 944 111 510 700 596 443 761 0 0 93 0 0]
[56 153 801 766 250 280 566 305 285 121 504 940 744 0 0 1012 0 0]
[885 175 341 518 668 266 502 1008 51 235 662 350 858 0 0 315 0 0]
[812 21 713 108 844 276 709 350 278 357 823 183 135 0 0 583 0 0]
[1012 0 0 8 0 0 0 0 0 6 1018 0 0 0 0 0 0 0]
[542 782 76 765 245 2 585 377 606 140 701 716 55 0 0 701 0 0]
[620 515 419 896 481 597 633 742 383 455 485 11 692 0 0 927 0 0]
[1012 0 0 1 0 0 7 0 0 1018 0 0 0 0 0 1018 0 0]
[694 633 628 292 518 377 133 86 726 649 777 247 888 0 0 528 0 0]
[634 884 702 740 959 234 458 550 731 765 526 372 267 0 0 834 0 0]
[457 731 574 242 566 676 944 111 510 701 589 443 761 0 0 93 0 0]
[0 0 0 0 0 7 0 0 0 0 0 0 1018 0 0 0 0 0]
[0 0 0 0 7 0 0 0 0 0 0 1018 0 0 0 0 0 0]
[1012 0 0 8 0 0 0 0 0 1018 1018 0 0 0 0 0 0 0]
[542 782 76 765 245 2 585 377 599 140 701 716 55 0 0 701 0 1]
[620 515 419 896 481 597 633 735 383 455 485 11 692 0 0 927 1 0]
[0 0 7 0 0 0 0 1018 0 0 0 0 0 0 1 0 0 0]
[1012 7 0 1 0 0 1018 0 0 1018 0 0 0 1 0 0 0 0]]
21
150-136-115-152
