[[543 985 0 0 0 0 0 0 0 0 0 0 0 0 0 0 0 0]
[178 576 0 0 0 0 0 0 0 0 0 0 0 0 0 0 0 0]
[211 707 0 0 0 0 0 0 0 0 0 0 0 0 0 0 0 0]
[647 735 0 0 0 0 0 0 0 0 0 0 0 0 0 0 0 0]
[953 993 0 0 0 0 0 0 0 0 0 0 0 0 0 0 0 0]
[989 627 0 0 0 0 0 0 0 0 0 0 0 0 0 0 0 0]
[781 305 0 0 0 0 0 0 0 0 0 0 0 0 0 0 0 0]
[357 1004 0 0 0 0 0 0 0 0 0 0 0 0 0 0 0 0]
[181 687 0 0 0 0 0 0 0 0 0 0 0 0 0 0 0 0]
[130 614 0 0 0 0 0 0 0 0 0 0 0 0 0 0 0 0]
[656 545 0 0 0 0 0 0 0 0 0 0 0 0 0 0 0 0]
[338 146 0 0 0 0 0 0 0 0 0 0 0 0 0 0 0 0]
[144 159 0 0 0 0 0 0 0 0 0 0 0 0 0 0 0 0]
[753 650 0 0 0 0 0 0 0 0 0 0 0 0 0 0 0 0]
[332 44 0 0 0 0 0 0 0 0 0 0 0 0 0 0 0 0]
[669 330 0 0 0 0 0 0 0 0 0 0 0 0 0 0 0 0]
[509 803 0 0 0 0 0 0 0 0 0 0 0 0 0 0 0 0]
[289 858 0 0 0 0 0 0 0 0 0 0 0 0 0 0 0 0]
[847 52 0 0 0 0 0 0 0 0 0 0 0 0 0 0 0 1]
[851 187 0 0 0 0 0 0 0 0 0 0 0 0 0 0 1 0]
[498 686 0 0 0 0 0 0 0 0 0 0 0 0 0 1 0 0]
[744 665 0 0 0 0 0 0 0 0 0 0 0 0 1 0 0 0]
[314 812 0 0 0 0 0 0 0 0 0 0 0 1 0 0 0 0]
[136 504 0 0 0 0 0 0 0 0 0 0 1 0 0 0 0 0]
[743 279 0 0 0 0 0 0 0 0 0 1 0 0 0 0 0 0]
[348 10 0 0 0 0 0 0 0 0 1 0 0 0 0 0 0 0]
[161 170 0 0 0 0 0 0 0 1 0 0 0 0 0 0 0 0]
[248 502 0 0 0 0 0 0 1 0 0 0 0 0 0 0 0 0]
[319 240 0 0 0 0 0 1 0 0 0 0 0 0 0 0 0 0]
[314 805 0 0 0 0 1 0 0 0 0 0 0 0 0 0 0 0]
[215 316 0 0 0 1 0 0 0 0 0 0 0 0 0 0 0 0]
[179 653 0 0 1 0 0 0 0 0 0 0 0 0 0 0 0 0]
[154 170 0 1 0 0 0 0 0 0 0 0 0 0 0 0 0 0]
[376 376 1 0 0 0 0 0 0 0 0 0 0 0 0 0 0 0]]
22
150-136-115-152
