[[171 848 0 0 0 0 0 0 0 0 0 0 0 0 0 0 0 0]
[704 315 0 0 0 0 0 0 0 0 0 0 0 0 0 0 0 0]
[473 546 0 0 0 0 0 0 0 0 0 0 0 0 0 0 0 0]
[684 335 0 0 0 0 0 0 0 0 0 0 0 0 0 0 0 0]
[778 241 0 0 0 0 0 0 0 0 0 0 0 0 0 0 0 0]
[873 146 0 0 0 0 0 0 0 0 0 0 0 0 0 0 0 0]
[698 321 0 0 0 0 0 0 0 0 0 0 0 0 0 0 0 0]
[799 219 0 0 0 0 0 0 0 0 0 0 0 0 0 0 0 0]
[946 73 0 0 0 0 0 0 0 0 0 0 0 0 0 0 0 0]
[349 670 0 0 0 0 0 0 0 0 0 0 0 0 0 0 0 0]
[537 482 0 0 0 0 0 0 0 0 0 0 0 0 0 0 0 0]
[727 292 0 0 0 0 0 0 0 0 0 0 0 0 0 0 0 0]
[377 642 0 0 0 0 0 0 0 0 0 0 0 0 0 0 0 0]
[110 909 0 0 0 0 0 0 0 0 0 0 0 0 0 0 0 0]
[595 423 0 0 0 0 0 0 0 0 0 0 0 0 0 0 0 0]
[55 964 0 0 0 0 0 0 0 0 0 0 0 0 0 0 0 0]
[435 584 0 0 0 0 0 0 0 0 0 0 0 0 0 0 0 0]
[754 265 0 0 0 0 0 0 0 0 0 0 0 0 0 0 0 0]
[220 799 0 0 0 0 0 0 0 0 0 0 0 0 0 0 0 1]
[721 298 0 0 0 0 0 0 0 0 0 0 0 0 0 0 1 0]
[703 315 0 0 0 0 0 0 0 0 0 0 0 0 0 1 0 0]
[489 530 0 0 0 0 0 0 0 0 0 0 0 0 1 0 0 0]
[440 579 0 0 0 0 0 0 0 0 0 0 0 1 0 0 0 0]
[423 596 0 0 0 0 0 0 0 0 0 0 1 0 0 0 0 0]
[937 82 0 0 0 0 0 0 0 0 0 1 0 0 0 0 0 0]
[466 552 0 0 0 0 0 0 0 0 1 0 0 0 0 0 0 0]
[846 173 0 0 0 0 0 0 0 1 0 0 0 0 0 0 0 0]
[855 164 0 0 0 0 0 0 1 0 0 0 0 0 0 0 0 0]
[463 556 0 0 0 0 0 1 0 0 0 0 0 0 0 0 0 0]
[52 966 0 0 0 0 1 0 0 0 0 0 0 0 0 0 0 0]
[926 93 0 0 0 1 0 0 0 0 0 0 0 0 0 0 0 0]
[654 365 0 0 1 0 0 0 0 0 0 0 0 0 0 0 0 0]
[451 567 0 1 0 0 0 0 0 0 0 0 0 0 0 0 0 0]
[433 586 1 0 0 0 0 0 0 0 0 0 0 0 0 0 0 0]]
23
150-136-115-152
