[[235 555 729 514 515 614 734 311 910 0 0 0 0 0 0 0 0 0]
[899 973 126 1 230 317 165 291 591 0 0 0 0 0 0 0 0 0]
[93 497 1001 744 828 683 704 572 335 0 0 0 0 0 0 0 0 0]
[375 851 209 27 952 339 785 502 418 0 0 0 0 0 0 0 0 0]
[472 266 960 602 718 274 698 351 277 0 0 0 0 0 0 0 0 0]
[550 464 215 1013 934 581 11 829 290 0 0 0 0 0 0 0 0 0]
[319 683 120 727 116 83 309 212 653 0 0 0 0 0 0 0 0 0]
[796 762 895 281 1008 897 198 729 13 0 0 0 0 0 0 0 0 0]
[546 185 97 637 158 134 670 186 742 0 0 0 0 0 0 0 0 0]
[308 99 600 466 84 895 146 87 183 0 0 0 0 0 0 0 0 0]
[235 555 778 514 515 614 734 304 910 0 0 0 0 0 0 0 0 0]
[177 169 946 29 382 339 644 389 635 0 0 0 0 0 0 0 0 0]
[301 58 987 303 75 381 357 252 874 0 0 0 0 0 0 0 0 0]
[995 749 132 775 314 740 538 822 641 0 0 0 0 0 0 0 0 0]
[117 932 619 32 94 613 956 189 197 0 0 0 0 0 0 0 0 0]
[612 374 1017 956 38 255 96 391 77 0 0 0 0 0 0 0 0 0]
[962 131 1008 398 207 494 547 628 323 0 0 0 0 0 0 0 0 0]
[892 351 917 658 310 156 137 284 786 0 0 0 0 0 0 0 0 0]
[308 99 600 466 84 895 146 87 176 0 0 0 0 0 0 0 0 1]
[235 555 778 514 515 614 734 297 910 0 0 0 0 0 0 0 1 0]
[1008 582 101 25 797 627 422 375 192 0 0 0 0 0 0 1 0 0]
[0 0 7 0 0 0 0 1018 0 0 0 0 0 0 1 0 0 0]
[188 613 845 4 604 731 214 14 443 0 0 0 0 1 0 0 0 0]
[612 374 1017 956 38 248 96 391 77 0 0 0 1 0 0 0 0 0]
[962 131 1008 398 200 494 547 628 323 0 0 1 0 0 0 0 0 0]
[704 764 72 647 725 444 941 270 343 0 1 0 0 0 0 0 0 0]
[195 606 845 3 604 731 215 14 443 1 0 0 0 0 0 0 0 0]]
24
150-136-115-152
