[[0 0 970 0 0 0 0 14 0 0 0 0 0 0 0 0 1018 0]
[42 970 0 1013 0 0 14 0 0 6 0 0 0 0 0 1018 0 0]
[575 0 20 738 0 126 0 627 0 159 725 0 1012 0 0 0 626 0]
[234 589 201 176 278 804 847 476 82 698 353 623 991 0 0 858 305 0]
[678 0 189 750 0 626 0 710 0 440 610 0 220 0 0 0 145 0]
[706 574 70 585 247 590 382 66 638 751 453 147 953 0 0 357 790 0]
[704 0 812 263 0 261 0 966 0 209 52 0 702 0 0 0 524 0]
[475 506 356 140 108 483 171 370 308 841 20 38 21 0 0 725 760 0]
[1012 0 0 8 0 0 0 0 0 6 1018 0 0 0 0 0 0 0]
[608 650 695 62 146 473 206 472 362 974 22 579 199 0 0 490 884 0]
[0 0 0 0 0 0 0 7 0 0 0 0 0 0 0 0 1018 0]
[1012 0 0 1 0 0 7 0 0 1018 0 0 0 0 0 1018 0 0]
[575 0 20 738 0 126 0 627 0 159 725 0 1005 0 0 0 626 0]
[234 589 201 176 278 804 847 476 82 698 353 616 991 0 0 858 305 0]
[685 0 189 749 0 626 0 710 0 441 603 0 220 0 0 0 145 0]
[0 0 0 0 0 7 0 0 0 0 0 0 1018 0 0 0 0 0]
[0 0 0 0 7 0 0 0 0 0 0 1018 0 0 0 0 0 0]
[1012 0 0 8 0 0 0 0 0 1018 1018 0 0 0 0 0 0 0]
[608 650 695 62 146 473 206 472 355 974 22 579 199 0 0 490 884 1]
[0 0 7 0 0 0 0 1018 0 0 0 0 0 0 1 0 0 0]
[1012 7 0 1 0 0 1018 0 0 1018 0 0 0 1 0 0 0 0]]
25
150-136-115-152
