[[265 879 315 742 80 192 154 866 969 933 1017 0 0 0 0 0 0 0]
[731 354 939 907 83 541 712 908 536 35 353 0 0 0 0 0 0 0]
[512 779 303 257 421 60 924 735 592 926 585 0 0 0 0 0 0 0]
[806 631 946 876 35 312 673 52 14 97 71 0 0 0 0 0 0 0]
[872 664 329 589 619 451 246 627 87 753 686 0 0 0 0 0 0 0]
[343 572 172 889 248 949 894 122 423 14 359 0 0 0 0 0 0 0]
[720 643 60 838 488 667 198 214 444 117 658 0 0 0 0 0 0 0]
[148 113 957 157 924 140 786 777 557 425 833 0 0 0 0 0 0 0]
[1012 0 0 8 0 0 0 0 0 6 1018 0 0 0 0 0 0 0]
[139 461 948 954 798 78 542 285 928 463 961 0 0 0 0 0 0 0]
[265 879 364 742 80 192 154 859 969 933 1017 0 0 0 0 0 0 0]
[682 403 939 914 83 541 705 908 536 28 353 0 0 0 0 0 0 0]
[242 533 194 623 991 963 428 239 454 845 212 0 0 0 0 0 0 0]
[828 191 468 646 695 633 48 967 703 287 325 0 0 0 0 0 0 0]
[879 664 329 588 619 451 246 627 87 754 679 0 0 0 0 0 0 0]
[107 256 130 489 227 136 657 657 417 134 529 0 0 0 0 0 0 0]
[731 665 514 695 538 337 493 713 244 755 473 0 0 0 0 0 0 0]
[1012 0 0 8 0 0 0 0 0 1018 1018 0 0 0 0 0 0 0]
[139 461 948 954 798 78 542 285 921 463 961 0 0 0 0 0 0 1]
[265 879 364 742 80 192 154 852 969 933 1017 0 0 0 0 0 1 0]
[689 403 939 913 83 541 698 908 536 29 353 0 0 0 0 1 0 0]
[0 0 7 0 0 0 0 1018 0 0 0 0 0 0 1 0 0 0]
[1012 7 0 1 0 0 1018 0 0 1018 0 0 0 1 0 0 0 0]
[107 256 130 489 227 129 657 657 417 134 529 0 1 0 0 0 0 0]
[731 665 514 695 531 337 493 713 244 755 473 1 0 0 0 0 0 0]]
26
150-136-115-152
