[[491 55 351 484 504 792 104 380 589 0 68 620 0 0 0 0 0 0]
[746 796 63 149 156 800 343 0 937 0 592 123 0 0 0 0 0 0]
[391 64 996 813 301 479 1017 430 407 0 952 998 0 0 0 0 0 0]
[635 766 25 849 63 806 86 497 246 0 625 495 0 0 0 0 0 0]
[25 587 336 668 48 688 3 462 997 0 452 96 0 0 0 0 0 0]
[941 965 1004 787 46 804 43 198 224 0 436 243 0 0 0 0 0 0]
[241 835 163 143 634 918 608 354 62 0 677 974 0 0 0 0 0 0]
[548 804 405 279 760 558 410 186 322 0 934 914 0 0 0 0 0 0]
[970 0 0 14 0 0 0 0 0 0 1018 0 0 0 0 0 0 0]
[494 819 740 462 853 664 78 547 71 0 115 577 0 0 0 0 0 0]
[491 55 400 484 504 792 104 373 589 0 68 620 0 0 0 0 0 0]
[746 845 63 149 156 800 336 0 937 0 592 123 0 0 0 0 0 0]
[948 931 679 51 216 371 903 74 650 0 949 858 0 0 0 0 0 0]
[635 766 25 849 63 806 86 497 246 0 625 488 0 0 0 0 0 0]
[25 587 336 668 48 688 3 462 997 0 445 96 0 0 0 0 0 0]
[953 415 537 619 279 865 566 677 617 0 873 999 0 0 0 0 0 0]
[0 0 0 0 7 0 0 0 0 0 0 1018 0 0 0 0 0 0]
[0 0 0 7 0 0 0 0 0 0 1018 0 0 0 0 0 0 0]
[494 819 740 462 853 664 78 547 64 0 115 577 0 0 0 0 0 1]
[491 55 400 484 504 792 104 366 589 0 68 620 0 0 0 0 1 0]
[746 845 63 149 156 800 329 0 937 0 592 123 0 0 0 1 0 0]
[0 0 7 0 0 0 0 1018 0 0 0 0 0 0 1 0 0 0]
[0 7 0 0 0 0 1018 0 0 0 0 0 0 1 0 0 0 0]
[953 415 537 619 279 858 566 677 617 0 873 999 1 0 0 0 0 0]
[7 0 0 1018 0 0 0 0 0 1 0 0 0 0 0 0 0 0]]
27
150-136-115-152
