[[747 570 431 0 0 0 0 0 0 0 0 0 0 0 0 0 0 0]
[657 559 489 0 0 0 0 0 0 0 0 0 0 0 0 0 0 0]
[301 455 915 0 0 0 0 0 0 0 0 0 0 0 0 0 0 0]
[475 455 835 0 0 0 0 0 0 0 0 0 0 0 0 0 0 0]
[717 18 898 0 0 0 0 0 0 0 0 0 0 0 0 0 0 0]
[653 542 862 0 0 0 0 0 0 0 0 0 0 0 0 0 0 0]
[601 112 533 0 0 0 0 0 0 0 0 0 0 0 0 0 0 0]
[45 52 169 0 0 0 0 0 0 0 0 0 0 0 0 0 0 0]
[971 588 429 0 0 0 0 0 0 0 0 0 0 0 0 0 0 0]
[964 703 663 0 0 0 0 0 0 0 0 0 0 0 0 0 0 0]
[270 434 30 0 0 0 0 0 0 0 0 0 0 0 0 0 0 0]
[37 561 487 0 0 0 0 0 0 0 0 0 0 0 0 0 0 0]
[275 258 572 0 0 0 0 0 0 0 0 0 0 0 0 0 0 0]
[415 448 8 0 0 0 0 0 0 0 0 0 0 0 0 0 0 0]
[295 285 887 0 0 0 0 0 0 0 0 0 0 0 0 0 0 0]
[270 656 895 0 0 0 0 0 0 0 0 0 0 0 0 0 0 0]
[348 5 684 0 0 0 0 0 0 0 0 0 0 0 0 0 0 0]
[771 677 796 0 0 0 0 0 0 0 0 0 0 0 0 0 0 0]
[163 832 394 0 0 0 0 0 0 0 0 0 0 0 0 0 0 1]
[812 298 599 0 0 0 0 0 0 0 0 0 0 0 0 0 1 0]
[436 514 485 0 0 0 0 0 0 0 0 0 0 0 0 1 0 0]
[223 854 525 0 0 0 0 0 0 0 0 0 0 0 1 0 0 0]
[57 437 582 0 0 0 0 0 0 0 0 0 0 1 0 0 0 0]
[433 263 970 0 0 0 0 0 0 0 0 0 1 0 0 0 0 0]
[137 1018 173 0 0 0 0 0 0 0 0 1 0 0 0 0 0 0]
[522 766 144 0 0 0 0 0 0 0 1 0 0 0 0 0 0 0]
[117 595 198 0 0 0 0 0 0 1 0 0 0 0 0 0 0 0]
[759 164 835 0 0 0 0 0 1 0 0 0 0 0 0 0 0 0]
[223 854 518 0 0 0 0 1 0 0 0 0 0 0 0 0 0 0]
[57 430 582 0 0 0 1 0 0 0 0 0 0 0 0 0 0 0]
[460 235 593 0 0 1 0 0 0 0 0 0 0 0 0 0 0 0]
[261 727 946 0 1 0 0 0 0 0 0 0 0 0 0 0 0 0]
[110 595 198 1 0 0 0 0 0 0 0 0 0 0 0 0 0 0]]
29
150-136-115-152
