[[383 348 402 288 667 966 0 0 0 0 0 0 0 0 0 0 0 0]
[117 431 861 471 617 207 0 0 0 0 0 0 0 0 0 0 0 0]
[685 997 242 356 807 856 0 0 0 0 0 0 0 0 0 0 0 0]
[751 377 372 910 325 475 0 0 0 0 0 0 0 0 0 0 0 0]
[538 884 64 616 1015 126 0 0 0 0 0 0 0 0 0 0 0 0]
[576 520 480 942 249 471 0 0 0 0 0 0 0 0 0 0 0 0]
[5 425 442 589 390 93 0 0 0 0 0 0 0 0 0 0 0 0]
[659 836 350 542 295 220 0 0 0 0 0 0 0 0 0 0 0 0]
[38 308 269 673 930 339 0 0 0 0 0 0 0 0 0 0 0 0]
[922 46 865 51 312 754 0 0 0 0 0 0 0 0 0 0 0 0]
[83 679 53 257 707 805 0 0 0 0 0 0 0 0 0 0 0 0]
[900 901 421 237 826 63 0 0 0 0 0 0 0 0 0 0 0 0]
[884 133 376 2 170 748 0 0 0 0 0 0 0 0 0 0 0 0]
[341 693 717 1004 327 369 0 0 0 0 0 0 0 0 0 0 0 0]
[1005 369 616 663 962 835 0 0 0 0 0 0 0 0 0 0 0 0]
[174 750 747 95 928 865 0 0 0 0 0 0 0 0 0 0 0 0]
[87 773 486 159 444 276 0 0 0 0 0 0 0 0 0 0 0 0]
[361 697 340 980 232 378 0 0 0 0 0 0 0 0 0 0 0 0]
[681 440 639 917 709 175 0 0 0 0 0 0 0 0 0 0 0 1]
[802 1010 674 226 747 644 0 0 0 0 0 0 0 0 0 0 1 0]
[642 4 191 372 377 20 0 0 0 0 0 0 0 0 0 1 0 0]
[685 484 678 869 588 996 0 0 0 0 0 0 0 0 1 0 0 0]
[403 795 665 840 321 125 0 0 0 0 0 0 0 1 0 0 0 0]
[174 750 747 95 928 858 0 0 0 0 0 0 1 0 0 0 0 0]
[87 773 486 159 437 276 0 0 0 0 0 1 0 0 0 0 0 0]
[613 787 621 637 914 518 0 0 0 0 1 0 0 0 0 0 0 0]
[774 929 738 335 337 879 0 0 0 1 0 0 0 0 0 0 0 0]
[839 493 550 706 639 354 0 0 1 0 0 0 0 0 0 0 0 0]
[685 484 671 869 588 996 0 1 0 0 0 0 0 0 0 0 0 0]
[655 878 946 504 1003 265 1 0 0 0 0 0 0 0 0 0 0 0]]
2
150-136-115-152
