[[692 944 0 0 0 0 0 0 0 0 0 0 0 0 0 0 0 0]
[396 92 0 0 0 0 0 0 0 0 0 0 0 0 0 0 0 0]
[319 944 0 0 0 0 0 0 0 0 0 0 0 0 0 0 0 0]
[742 66 0 0 0 0 0 0 0 0 0 0 0 0 0 0 0 0]
[444 244 0 0 0 0 0 0 0 0 0 0 0 0 0 0 0 0]
[543 271 0 0 0 0 0 0 0 0 0 0 0 0 0 0 0 0]
[254 26 0 0 0 0 0 0 0 0 0 0 0 0 0 0 0 0]
[780 149 0 0 0 0 0 0 0 0 0 0 0 0 0 0 0 0]
[642 991 0 0 0 0 0 0 0 0 0 0 0 0 0 0 0 0]
[85 770 0 0 0 0 0 0 0 0 0 0 0 0 0 0 0 0]
[304 1018 0 0 0 0 0 0 0 0 0 0 0 0 0 0 0 0]
[521 123 0 0 0 0 0 0 0 0 0 0 0 0 0 0 0 0]
[176 116 0 0 0 0 0 0 0 0 0 0 0 0 0 0 0 0]
[492 332 0 0 0 0 0 0 0 0 0 0 0 0 0 0 0 0]
[553 161 0 0 0 0 0 0 0 0 0 0 0 0 0 0 0 0]
[605 416 0 0 0 0 0 0 0 0 0 0 0 0 0 0 0 0]
[308 277 0 0 0 0 0 0 0 0 0 0 0 0 0 0 0 0]
[790 344 0 0 0 0 0 0 0 0 0 0 0 0 0 0 0 0]
[134 214 0 0 0 0 0 0 0 0 0 0 0 0 0 0 0 1]
[336 274 0 0 0 0 0 0 0 0 0 0 0 0 0 0 1 0]
[646 105 0 0 0 0 0 0 0 0 0 0 0 0 0 1 0 0]
[818 884 0 0 0 0 0 0 0 0 0 0 0 0 1 0 0 0]
[309 150 0 0 0 0 0 0 0 0 0 0 0 1 0 0 0 0]
[853 464 0 0 0 0 0 0 0 0 0 0 1 0 0 0 0 0]
[401 38 0 0 0 0 0 0 0 0 0 1 0 0 0 0 0 0]
[889 716 0 0 0 0 0 0 0 0 1 0 0 0 0 0 0 0]
[749 781 0 0 0 0 0 0 0 1 0 0 0 0 0 0 0 0]
[7 794 0 0 0 0 0 0 1 0 0 0 0 0 0 0 0 0]
[878 476 0 0 0 0 0 1 0 0 0 0 0 0 0 0 0 0]
[309 143 0 0 0 0 1 0 0 0 0 0 0 0 0 0 0 0]
[181 298 0 0 0 1 0 0 0 0 0 0 0 0 0 0 0 0]
[450 257 0 0 1 0 0 0 0 0 0 0 0 0 0 0 0 0]
[742 781 0 1 0 0 0 0 0 0 0 0 0 0 0 0 0 0]
[882 524 1 0 0 0 0 0 0 0 0 0 0 0 0 0 0 0]]
3
150-136-115-152
