[[547 0 138 0 0 0 0 0 0 0 0 0 0 0 0 0 0 0]
[1015 515 869 0 0 0 0 0 0 0 0 0 0 0 0 0 0 0]
[402 0 309 0 0 0 0 0 0 0 0 0 0 0 0 0 0 0]
[487 519 430 0 0 0 0 0 0 0 0 0 0 0 0 0 0 0]
[927 0 874 0 0 0 0 0 0 0 0 0 0 0 0 0 0 0]
[431 248 368 0 0 0 0 0 0 0 0 0 0 0 0 0 0 0]
[59 0 186 0 0 0 0 0 0 0 0 0 0 0 0 0 0 0]
[510 521 783 0 0 0 0 0 0 0 0 0 0 0 0 0 0 0]
[869 0 28 0 0 0 0 0 0 0 0 0 0 0 0 0 0 0]
[16 558 600 0 0 0 0 0 0 0 0 0 0 0 0 0 0 0]
[727 0 667 0 0 0 0 0 0 0 0 0 0 0 0 0 0 0]
[792 408 149 0 0 0 0 0 0 0 0 0 0 0 0 0 0 0]
[317 0 40 0 0 0 0 0 0 0 0 0 0 0 0 0 0 0]
[564 890 770 0 0 0 0 0 0 0 0 0 0 0 0 0 0 0]
[222 0 506 0 0 0 0 0 0 0 0 0 0 0 0 0 0 0]
[161 0 907 0 0 0 0 0 0 0 0 0 0 0 0 0 0 0]
[10 474 375 0 0 0 0 0 0 0 0 0 0 0 0 0 0 0]
[627 0 570 0 0 0 0 0 0 0 0 0 0 0 0 0 0 0]
[463 1004 549 0 0 0 0 0 0 0 0 0 0 0 0 0 0 1]
[907 0 128 0 0 0 0 0 0 0 0 0 0 0 0 0 1 0]
[569 252 448 0 0 0 0 0 0 0 0 0 0 0 0 1 0 0]
[608 0 949 0 0 0 0 0 0 0 0 0 0 0 1 0 0 0]
[696 567 625 0 0 0 0 0 0 0 0 0 0 1 0 0 0 0]
[279 0 835 0 0 0 0 0 0 0 0 0 1 0 0 0 0 0]
[11 53 922 0 0 0 0 0 0 0 0 1 0 0 0 0 0 0]
[336 0 93 0 0 0 0 0 0 0 1 0 0 0 0 0 0 0]
[111 0 223 0 0 0 0 0 0 1 0 0 0 0 0 0 0 0]
[355 646 575 0 0 0 0 0 1 0 0 0 0 0 0 0 0 0]
[608 0 942 0 0 0 0 1 0 0 0 0 0 0 0 0 0 0]
[696 560 625 0 0 0 1 0 0 0 0 0 0 0 0 0 0 0]
[308 0 572 0 0 1 0 0 0 0 0 0 0 0 0 0 0 0]
[728 231 806 0 1 0 0 0 0 0 0 0 0 0 0 0 0 0]
[104 0 223 1 0 0 0 0 0 0 0 0 0 0 0 0 0 0]]
4
150-136-115-152
