[[94 0 598 392 0 164 0 786 0 0 0 0 0 0 0 0 0 0]
[428 143 165 568 569 441 11 978 0 0 0 0 0 0 0 0 0 0]
[525 0 993 757 0 1012 0 67 0 0 0 0 0 0 0 0 0 0]
[341 969 359 658 473 637 275 995 0 0 0 0 0 0 0 0 0 0]
[280 0 23 706 0 408 0 243 0 0 0 0 0 0 0 0 0 0]
[966 390 48 391 779 268 140 433 0 0 0 0 0 0 0 0 0 0]
[528 0 345 348 0 483 0 134 0 0 0 0 0 0 0 0 0 0]
[87 268 468 229 227 665 676 476 0 0 0 0 0 0 0 0 0 0]
[21 0 433 30 0 25 0 135 0 0 0 0 0 0 0 0 0 0]
[725 594 212 751 663 430 40 665 0 0 0 0 0 0 0 0 0 0]
[94 0 647 392 0 164 0 779 0 0 0 0 0 0 0 0 0 0]
[428 192 165 568 569 441 4 978 0 0 0 0 0 0 0 0 0 0]
[111 0 480 821 0 407 0 843 0 0 0 0 0 0 0 0 0 0]
[405 226 409 390 767 243 217 85 0 0 0 0 0 0 0 0 0 0]
[770 0 1016 818 0 583 0 169 0 0 0 0 0 0 0 0 0 0]
[232 0 509 737 0 794 0 402 0 0 0 0 0 0 0 0 0 0]
[737 185 735 544 49 526 574 889 0 0 0 0 0 0 0 0 0 0]
[70 0 433 23 0 25 0 135 0 0 0 0 0 0 0 0 0 0]
[15 333 711 368 790 926 277 577 0 0 0 0 0 0 0 0 0 1]
[94 0 647 392 0 164 0 772 0 0 0 0 0 0 0 0 1 0]
[428 192 165 568 569 441 1016 978 0 0 0 0 0 0 0 1 0 0]
[0 0 7 0 0 0 0 1018 0 0 0 0 0 0 1 0 0 0]
[0 7 0 0 0 0 1018 0 0 0 0 0 0 1 0 0 0 0]
[232 0 509 737 0 787 0 402 0 0 0 0 1 0 0 0 0 0]
[737 185 735 544 42 526 574 889 0 0 0 1 0 0 0 0 0 0]
[70 0 433 16 0 25 0 135 0 0 1 0 0 0 0 0 0 0]
[7 0 0 1018 0 0 0 0 0 1 0 0 0 0 0 0 0 0]
[772 545 508 382 746 362 325 133 1 0 0 0 0 0 0 0 0 0]]
5
150-136-115-152
