[[531 31 933 929 154 403 936 378 978 0 811 611 0 0 0 0 0 0]
[426 461 645 321 970 402 835 623 517 0 798 850 0 0 0 0 0 0]
[748 511 61 662 539 434 15 404 998 0 334 746 0 0 0 0 0 0]
[178 90 964 44 860 704 857 828 734 0 868 159 0 0 0 0 0 0]
[898 12 572 36 118 158 300 740 671 0 208 786 0 0 0 0 0 0]
[530 711 333 657 10 170 512 1006 354 0 479 6 0 0 0 0 0 0]
[787 55 301 48 86 430 998 882 820 0 18 439 0 0 0 0 0 0]
[479 215 306 408 30 719 243 26 321 0 765 356 0 0 0 0 0 0]
[970 0 0 14 0 0 0 0 0 0 1018 0 0 0 0 0 0 0]
[70 27 833 150 615 631 890 1012 442 0 762 184 0 0 0 0 0 0]
[531 31 982 929 154 403 936 371 978 0 811 611 0 0 0 0 0 0]
[426 510 645 321 970 402 828 623 517 0 798 850 0 0 0 0 0 0]
[208 48 377 132 677 308 41 808 786 0 167 834 0 0 0 0 0 0]
[178 90 964 44 860 704 857 828 734 0 868 152 0 0 0 0 0 0]
[898 12 572 36 118 158 300 740 671 0 201 786 0 0 0 0 0 0]
[214 225 773 361 602 1008 586 640 552 0 704 886 0 0 0 0 0 0]
[0 0 0 0 7 0 0 0 0 0 0 1018 0 0 0 0 0 0]
[0 0 0 7 0 0 0 0 0 0 1018 0 0 0 0 0 0 0]
[70 27 833 150 615 631 890 1012 435 0 762 184 0 0 0 0 0 1]
[531 31 982 929 154 403 936 364 978 0 811 611 0 0 0 0 1 0]
[426 510 645 321 970 402 821 623 517 0 798 850 0 0 0 1 0 0]
[0 0 7 0 0 0 0 1018 0 0 0 0 0 0 1 0 0 0]
[0 7 0 0 0 0 1018 0 0 0 0 0 0 1 0 0 0 0]
[214 225 773 361 602 1001 586 640 552 0 704 886 1 0 0 0 0 0]
[7 0 0 1018 0 0 0 0 0 1 0 0 0 0 0 0 0 0]]
6
150-136-115-152
