[[318 242 49 190 481 462 552 541 443 186 736 0 0 0 0 0 0 0]
[787 616 427 828 19 114 542 504 104 509 284 0 0 0 0 0 0 0]
[259 565 565 220 184 191 834 468 769 300 160 0 0 0 0 0 0 0]
[305 784 195 326 328 194 185 309 166 134 438 0 0 0 0 0 0 0]
[256 314 453 849 582 554 312 453 339 585 307 0 0 0 0 0 0 0]
[581 865 927 353 209 105 386 1005 639 832 872 0 0 0 0 0 0 0]
[405 466 592 684 682 401 145 606 912 985 338 0 0 0 0 0 0 0]
[233 882 648 727 341 433 597 322 52 345 617 0 0 0 0 0 0 0]
[1012 0 0 8 0 0 0 0 0 6 1018 0 0 0 0 0 0 0]
[318 177 483 479 778 737 531 546 231 295 533 0 0 0 0 0 0 0]
[318 242 98 190 481 462 552 534 443 186 736 0 0 0 0 0 0 0]
[738 665 427 835 19 114 535 504 104 502 284 0 0 0 0 0 0 0]
[306 791 299 438 869 72 760 55 669 711 762 0 0 0 0 0 0 0]
[835 73 753 148 892 299 370 976 673 11 612 0 0 0 0 0 0 0]
[263 314 453 848 582 554 312 453 339 586 300 0 0 0 0 0 0 0]
[589 469 981 759 389 1009 135 960 568 641 86 0 0 0 0 0 0 0]
[658 44 662 848 961 15 172 532 218 128 316 0 0 0 0 0 0 0]
[1012 0 0 8 0 0 0 0 0 1018 1018 0 0 0 0 0 0 0]
[318 177 483 479 778 737 531 546 224 295 533 0 0 0 0 0 0 1]
[318 242 98 190 481 462 552 527 443 186 736 0 0 0 0 0 1 0]
[745 665 427 834 19 114 528 504 104 503 284 0 0 0 0 1 0 0]
[0 0 7 0 0 0 0 1018 0 0 0 0 0 0 1 0 0 0]
[1012 7 0 1 0 0 1018 0 0 1018 0 0 0 1 0 0 0 0]
[589 469 981 759 389 1002 135 960 568 641 86 0 1 0 0 0 0 0]
[658 44 662 848 954 15 172 532 218 128 316 1 0 0 0 0 0 0]]
7
150-136-115-152
