[[100 715 155 26 687 324 178 315 0 0 0 0 0 0 0 0 0 0]
[292 55 552 1000 400 590 691 311 0 0 0 0 0 0 0 0 0 0]
[252 230 300 608 816 200 948 967 0 0 0 0 0 0 0 0 0 0]
[886 756 983 364 441 254 32 24 0 0 0 0 0 0 0 0 0 0]
[613 909 135 73 247 846 443 170 0 0 0 0 0 0 0 0 0 0]
[814 37 126 656 841 366 531 151 0 0 0 0 0 0 0 0 0 0]
[222 148 720 113 695 977 536 683 0 0 0 0 0 0 0 0 0 0]
[405 947 741 589 205 3 96 266 0 0 0 0 0 0 0 0 0 0]
[371 384 379 591 390 383 692 150 0 0 0 0 0 0 0 0 0 0]
[90 332 932 119 791 804 478 3 0 0 0 0 0 0 0 0 0 0]
[100 715 204 26 687 324 178 308 0 0 0 0 0 0 0 0 0 0]
[411 83 816 388 888 616 137 87 0 0 0 0 0 0 0 0 0 0]
[511 642 1017 818 178 831 67 326 0 0 0 0 0 0 0 0 0 0]
[578 983 960 764 347 473 732 263 0 0 0 0 0 0 0 0 0 0]
[174 417 695 673 158 40 773 927 0 0 0 0 0 0 0 0 0 0]
[37 350 248 30 200 825 602 54 0 0 0 0 0 0 0 0 0 0]
[975 178 579 785 867 468 100 762 0 0 0 0 0 0 0 0 0 0]
[539 363 643 991 878 409 145 945 0 0 0 0 0 0 0 0 0 0]
[715 808 797 158 47 642 357 458 0 0 0 0 0 0 0 0 0 1]
[100 715 204 26 687 324 178 301 0 0 0 0 0 0 0 0 1 0]
[394 86 196 621 236 30 936 119 0 0 0 0 0 0 0 1 0 0]
[0 0 7 0 0 0 0 1018 0 0 0 0 0 0 1 0 0 0]
[17 4 620 786 652 586 212 987 0 0 0 0 0 1 0 0 0 0]
[37 350 248 30 200 818 602 54 0 0 0 0 1 0 0 0 0 0]
[975 178 579 785 860 468 100 762 0 0 0 1 0 0 0 0 0 0]
[522 366 23 198 226 842 951 977 0 0 1 0 0 0 0 0 0 0]
[24 1016 620 785 652 586 213 987 0 1 0 0 0 0 0 0 0 0]
[526 68 563 879 476 268 565 65 1 0 0 0 0 0 0 0 0 0]]
9
150-136-115-152
