115210
439321
690693
1133437
2205023
2516055
3127614
3396430
3511218
4221163
4395995
4789221
4854886
5400136
6451124
7044312
7630007
8194241
8641159
8929316
8936728
9356488
10473571
10700966
11470622
11490342
11794307
12560992
14239811
14560775
16067801
16814676
18042372
18487477
19103198
19420789
19580176
19968019
20625957
20720936
20903969
22186990
22290827
22644721
24228896
25113890
25761256
25815316
26668853
26669030
26979281
27713442
28293398
28435536
29487325
30057952
30558068
30771044
31125386
34152631
34185295
35087288
35510599
36238261
36368637
36533036
36761999
37960719
38542583
38990816
39651071
39689278
40030846
40322428
41258941
45424296
46013594
47330282
47501376
48164343
49081348
50010994
50119437
50254386
51146270
51489111
52347353
52681795
52730238
53944122
54005709
54396619
54829950
54853998
55499988
56217579
57494434
57514719
58226027
59244792
59325490
60900606
62358851
63381446
63660830
64076118
64219633
64740409
65072086
65131515
65402466
66045895
66366752
66440640
67591140
69222374
69377861
69849312
70098789
70226104
70276133
71959883
72764005
73007398
73054964
73273401
73309145
73840292
74034810
74412969
74469143
75194868
75440429
76630081
77945387
78126598
78515116
80657595
80744593
80749238
81512844
82823439
84233639
87701878
87885360
88485207
89119076
89600503
90048307
90173263
91531775
93084172
93703899
94415840
96951208
97394796
97537225
97751362
97764726
98472102
99218802
99630996