137262
959233
1055253
2901016
3728426
3958350
4657471
5287512
7322484
7867063
8320837
9748140
9913925
10160884
10804043
10999537
11283886
11620667
11982718
12637187
15188718
15353865
16260930
16533375
16605434
17077544
17510912
17574042
17730280
18573868
18855276
20014787
20568400
20765817
20991784
21194773
21480350
21605994
21754451
22151919
22826228
23215516
23861474
24037926
24169257
24265017
24497463
25085327
25251791
25627009
26807027
28762143
29197589
29352174
31368299
31775889
32110359
32268708
32283664
32572216
34175998
35038910
35460799
35576669
35821397
36145692
37811444
38847758
39292736
39400497
39835380
40723388
40947382
41735216
42841160
43693045
44285195
44658305
44929777
45803619
46437616
46572744
47315623
47493494
47871937
47910337
48306777
48342698
49244068
49492486
50827604
51385323
52604029
53755880
54212653
54758016
55582392
56570192
56763118
58186636
58394272
58814230
59389358
60219055
60607008
62159189
63328398
63464247
64967268
65321527
65533536
66756632
68686953
69780449
69971566
70028336
70412641
70606923
71855496
71972349
72748367
72996161
73275863
73613560
73707078
75451317
76639609
77437741
77748015
78176186
78538092
79379642
80380837
81116899
81140964
81302670
81621124
82344356
83220601
83660219
87385765
87444515
87964807
89280553
89906808
90315618
90393205
90576617
91381056
92593982
93748732
93897948
94253903
95149596
96231256
96237031
97971618
98171324
99014953
99173044
99885369
99929910